⁵ 111111.

11111111 pennata 11111. 467

Philippense 61111. 471

pumils llsw. 468
660666106116 461
Naeuam 466
0161161111 6111111. 295

Grilllllslsnum (61111.) 295
0611111611 nc. 435

1111111111 (1111111.) 436
0111111 1111. 61111111
oenophorus 611. 63
011116111. 415

11111111101111.) 415
01111111116111. 57’
01161611611161111111. 327

melle (Wus.) 328
016111111111 11111111

1111111111(6111111.) 524

1111111111(6111.) 522

111111111101111.) 523 “
0111111111111 252
016111116111 111111. 259

1161111111. 269

11111111 11111. 267

1111111111 11111. 262

61111111 6111. 269

1111111111111 Fessa. 280

1111111111 11111. 260

,, 1111111111 11111. 261

„ lludolphlenum 61. 116111. 261

6111611111 Sem. 277

111111 6111. 264

1111111111116111. 260

gymnoslomum 6111. 260

1111111111611116111. 278

111111116111161111. 276

6111111 11111. 11 1111. 279

111111111111161111. 263

1161116111. 270 ’

1111116111. 267

pulchellum 61. 277

1111111111 611. 263

11111111 'luem 274

1111111 6111. 268

11111111 61111111. 270

,, 1111111111 61. 11 611. 271

„ Selslmeyerl 61111. 271 y

speciosum llus 270

711

0111161611 6111111 111111. 273
stramineum 11111. 272
sturmii 6111. 1111111. 261
1111111116111. 265
111111111611. 275
,, 1111111161. 11611. 277

l’sludells 6111. 410
1111111101.) 410

66111111111111611111. 120
1161111111(6111.) 121

’ . 1111111111 2

l’ssseess 10
6111111116. 15
1111111111 61111. 18
,‚ 611161111111161.11611. 19
11 πωπω ss 11 11
11 l'lllrerum 11 11 11
,, 1111116111ὶί 61111. 19
1111111Ιὶ11111 W. 1174. 15
111111111111 6111. 19
1111161111 611111. 16
,, 111111111161.11 611. 17
,, mscrsplsyllum 611. 17
„ 161111116111611. 17
„ Schreberl „ „
1111111161. 20
6111111161 6111. 423
11111111 61111611. 427 ,
11111111.. 426
,, 11111116111611. 426
ss mem 11 11 ss
111111116111. 425
1111111611. 424
,, 1111111161. 11611. 424
6611111111161111. 424
61111111111111 611118
1111110111.) 9
„ Lucsslsns 6111 9
11 mflss'l’lllllm 11 11
messenum 312
961111111111111611. 314
1111111111116111. 314
merome (1.) 111
sphaericum (61111111.) 614
61111116111111 sm. 575
611111111111101.) 582
,, 6111111611. 5oe
,‚ 111111 „ ‚‚

 

