16661.

6666611611161116161611. 419
11611611116116. 416
0611611(661111) 420
„ 6666161161. 61661. 420
1661166616 (L.) 418
,, 61166161. 61661. 419
6111611 6116. 417 “

16661111 Bu 61661. 416

616661661161. 61 Seu. 423
wilsoni 61. 61661. 423

6611111111 414

6111111161. 61 son. 116
16611 (61611.) 119

6661166611611 116

6116616666 11111 6111611161. 116
1116661166 (W. 61111.) 117

6116611666111111661111 530
11616166 (11161.) 534
6161166116 61. 61 6611. 543
6111116666 (66111161.) 696
6611166111 (66111161.) 536
6111616661166 61. 61 Seu. 535
1111111111 6611111, 697
glaciale 61161661. 541
glareosum 61. 61 661. 533
1161661 (6116.) 531
1166611666 6611. 697
'ligusticum (6111161.) 692
61616666 66111. 539
1116666116 (6111111.) 543
,, 6666661166 61. 61616. 546
populeum 1111611.) 544
,, 1116661166 61. 61 Seu. 645
11 lonsslstlum 11 u 11
.. majus ,

,, 161616666 ,, ’,, ,,
,, 6661616666 ,, ,, ,
1666166 (W. 6111.) 535 “
1116111661. 61661. 543
rutabulum (1..) 542

„ 1166666 · 61161611. 542
1 luviem .. ,. ,’
,, 1661166166 ,‚ ,, ‚,
„ 1166616166,, ,, ,,
11 ”bunum 11 11 11
6116616666 (116111.) 532

,, 6166611666 61. ol 6611. 532

6666666666 1116616166
11 demum 11 11 11
„ 6166111616 ,,
11 hulmum 11 11 u
,‚ ’1116611611 „ ‚‚
1111616116 611. 616611. 535
6161111661.) 646
„¹ praelongum 666. 541
,, 16661166· ,, 546
’1116116611 6611111. 634’
1111111661 (111.) 611
1616116661(1)11.1.) 537
,, condensatum 6111 531
„ lutulentum ,‚ ‚,'
11 {melonum 61 11

. 6111611 61. 616611. 246 ⁴

1611161661 (Du 1161.) 241
6161116111 61, 61 661. 423 ·
1166111 (111616.) 426 · “
61661116 66111111. 26
1161111661 661111. 27
161611161 6661111111. 26.
66666116616 22 · ’
6166111111 25
6111166116 324
611111 321
6116611111. 6. 344 ¹
11111666 1.. 366

“ 1166166611666 1611661. 356

1161161161 61. 61661. 345
ὶ1116616616 1.. 369

„ 1161166 3711

„ 61166 370 “’ ’
Ι111611611161666 1115111 11. 364
61666 666111. 367” l
„ 66616111661. 61661. 358
6116611611. 616611. 369
6161161161. 616611. 346
116661116166 L. 367 ·

,, 6111166 61611. 667

„ 1661161166 61.·61 661. 363
6116661111611161111. 353 ’
6161116616 6116. 374

6161111161.. 376 · ·

,, corinthiacum 61. 61 1161. 372

‚, oochleurllollum 61. 61 666.
1172

 

