’130 ludex synonymorum.

3166111666 6166611166 3661. 62
1666116611611116 31116. 104
1161116166 11166. 104

3661166116 666111661660116. 460

„ . 459
1616616 11611. 459
pennata L. 467
squamosa 61161. 666611. 457

3666616 6611666666 3661166. 324
366166661131116. 322

36111166. 321

116166166611 8661161. 311. 61 Sca.

666166161166. 321

6666616 36. 613611. 323

166616166166. 319
(ingen compacta 31661 251
Georgia 3666161666 C. 111116. 284

1666666166 Eun. 282

repanda C. 11. 283
(3161666166 6616116 11116. 423
61161666166611611611 116666. 121
0611111116 1161166ἰὶ 3. 36. 246
1161166116 6616616616 C. 111166. 229

6111616116111666. 217

.„ mucrocnrpn N. 61116611. 217

„ 6616661661616 1161111166. 217

61616666 1166. 205
61616616 Sw. 201
66666166 66616616 C. 11. 199
„ 86116161661366. 200
61611616 1161. 227
arenaria 1166. 207
6616666686. 114
campestris 361166. 218
oenacensem. 136
6161116161. 204
666161116111666. 212
61666616 1116111. 57
6666616166 Su. 422
controversa W. 61 11. 51
6611166611 11611. 242
66166616 11116. 56
6136611663. 6111661. 217
06116611111116. 246
6111161166 (111. 228
16661661666 CM 233
36161661 Su. 251

1666116 36. 61 Seu. 208
116610111181111131. 21359. 200
66616616168661166. 689
1116616116 11. 6111666. 199

611616611111611166 3116611166. 245

1166611163661166. 201
116161616636 Su. 144
16161661161160.11661. 132
1161666661 C. 11. 139

6116111116 11666161 61666. 221
1666616 36. 61 Seu. 212
,, 111666. 214
,‚ 011161. 210
„ 96666161. 207
166116616 31116. 218
1666661616 Su. 123
161116116 W. 6114. 126
„ 3616. 199
[6136668666ιὸοὲ 110611 231
666 6.
61111616116111666. 217
obtusa 3661166. 216
,, 61666616 3616. 216
66161661611166 111666. 222
661666 31. 61366. 227
„z'mffifssffiaew
6116666166666 203
procera 3166 231
6116111611. 6111. 114
6661161611 1161111. 115
6616611116. 202
6111116616 11611. 201
1611661611. 6111666. 200
66116116 36111 130
6616661666 11. 6111666. 217
36113661116111. 114
66166116 11666. 611111. 211
6161616 W. 61 11. 53
strigon 3116. 200 .
6111161166 3661666 216
Tou-rema 3616. 200
1611611. 6111616. 111
1616116666 3616. 200
1661161136161ι. 115
666166161116. 210
666661661611.6111666. 199
166661116161166. 134
Ζ611111611616611 111661. 207

1116136116 6116611660 Ι 197 . .
6666611666 C. 13 221
commutata 1166. 219
66111116 (111. 204
1661166161666 (111. 196
16661666 1166. 220
66316616661166 205
1166616 C. 11. 195

666666661616666116661666
1161661616 3661666. 413

0616666166616 666616 11. 611. ¹²¹
6666166166 Seu.. 314
666ἒῤ66666 11. 61 mu. ἓ
666 11161 ,, „

611166 „ μ 126
Α161611111136166 317
6666116661 3616. 197
6611661611161.61Β66· u

snm 111

 

