718 · 11111911111111111111.

Bryum rigidum 01111. 165 (1111111011 1111111111 Sum m
1111111111 6111111. 390 inclinatum 11111. 137
1111111111 011111. 74 111111111111111111111 197
rurale L. 191 01111111 1111111111111111. 463
rutilans 311 11811. 338 Lamyana 1111. 463
,, 0111111. 348 01111111111111111111113111. 157
sanguineum 3111. 363 0111111131. 158
611111111011111. 339 glacialis 1111. 157
1111111101111 54 11111111111111111116111. 157
311111111116111111. 380 111111113111311. 154
,g’mffllgzfliffwggh 380 0111111111111111111111111431111 Scn. 711
speciosum von 377 Dionnum 1111111111 11111. 229 1
spinosum ‚, 394 11111111111611. 109 1
1111111111.. 410 1111111911 61
, 1111111111. 187 ambiguum flnw. 67
¹ tetragonum 111111. 422 bipartitum Su. 139
111111111111311. 378 3111111111. 92
tortuosum 179 1111111111 C. ,1111 1⁰⁰
1111110111. 342 3111111181. 60
1111111111.. 123 b 1111131. 103
1111111111. 433 1111111111111 Dum. 73
111111111111611. 370 “ 0111111111. 139
11101111111111 L. 134 cerviculam 11111. 71
virens 01111. 51 ωηψιηιῃ Bm. 87 1
11111111111111101111. 269 contortum Wm. 210 1
1111111111 ,, 104 crispum 11111. 69
0111111111118111111. 344 curvatum 11111. 75
011111111111111113111. 358 1111111131. 93
” 1111113111 ” 111 ffidffiiissff'uffi 95
111111· 1111111.
3111111111111111111161111111 453 0111111113111. 66
foliosa L. 451 ’ 1111111116 11011. 97
1111111161111111 451 „ 1111. plurim. 98 ,
1111111 11111. 454 ,, fragile 711111. 97
(3101111111 angustata 3111. 434 ,, 11111111117111. 99 ;
11111111113111. 433 1111111 1114111. 93 1
1111111111 311. 433 glaucum 111111. 102
1111111 11111.. 435 gracilescens W. et Ι. 61
undulata W. 1111. 433 (1111111111111 Bu. et 911. 10
6111111111111111111111111. 148 11111111111111111111. 71 .-
11111111111131116111. 141 ,, curvatumnoou.e21m· 3
luridus 3111. 132 1111111131111 64
61111111111111111111113111. 351 1111111111 Sum 88
11111111111311. 347 . incurvum W. 1111. 104
611111111111111111113111. 128 intermedium 11111. 139
1111111311. 128 interruptum 11111. 83
1111111111 61111. 242 ,, Bt. 11 Seu. 83
111111111111311. 128 ,, 11111. 76
11111111 Bm. 129 1111111111 1111111011 49
011111111111115111111111 3111611. juniperifolium 81111. 32
514 11111111111111111 1111111111 11
01111111 inclinatus 3111. 137 11111011111111111. 157
1111111111611111. 160 111111ρί11111 (Hm- 39
0111111111 1111011111 vum. 136 1111111111 nu». 96
cernuum 11111. 349 1111111111117111. 106

 

