111111.Ι m

011111111111 0111111111111 pellucidum
11111111 611. 422 „ 1111111111 61116111. 66

01111111116111. 242 “ 1111111111 58
1111111111611. 242 011111111161111. 69

011111111116111.. 613 11111111111 (111111.) 32

6111111111 111111 4112 1111116111.) 69
1111111111111111111.) 463 1111111 (11111.) 35
,, 1111111111 111. 11611. 363 01111111111 (11111611.) 30

0111111111 462 ¹ 1111111111101111.) 35

0111111111 6111. 631 ,, 1111111111 61116111. 36

61111111 611. 631 ,, 1111111 „ ,

011111111111111 510 1111111111 (1111.) 34

0111111111111111 6111. 513 ’ 6111111111 (11111.) 30
11111111111111111111.) 514 1111111111 (611111.) 31
,1111111111 (1111111.) 515 11111111101111.) 34

011111111111 611111. 59 1111111111.) 32
61111111 (61.) 60 ,, 1111111111181. 11611. 33
111111111111111. 1111.) 61 ,, 1111111 ,, , „
‚‚ 1161111161. 11611. 61 ,‚ 1111111111 ,‚ „ „
„ 1111111111 ,, ,, ‚, 011111111111111111. 11611. 95
1111111111 (11111) 62 1111111111 6111. 695
111111 (1111111.) 63 “ longinum (W. 1111.) 96
,, 111111116111611. 64 Dionnum 11111. 36

¹ ,‚ ’1111111111 „ „ ‚‚ albicans 81. 11611. 85
,, Wablenborgii„ η ,‚ 111111111101111111) 689

0111111111111. 111111. 438 1111111181. 11611. 80
111111111111 (61.) 438 » 11111111116111111. 86

0111111111 438 · ,, 11111111111161. 11611. 83

011111161111111. 156 0 ·falcntum 11111. 39
11111111 11111. 160 11111111111111. 82
0111111 Bu. 11611. 139 111111111811. 88
1111111111 (111111.) 156 11111111111111111111. 89
„ 1111111111181.11611. 153 111111111161. 33 ¹
‚, glaciali· ‚, ,, ‚, fulvum 11111. 83
1111111(61111111) 161 11111111111111. 83
1511111181111611. 161 ,, 111111118111611. 88
ο111111111111(6111111.) 158 ,, 1111111111 „ „ „
„ 1111111111 nn. 11611 159 „ 11111111111,, „ 83
1111111118111611. 158 ,, robustum 611. 88

6111111111 1111111 458 hyperboroum (0111.) 38
111111111111 (0111.) 460 111311111111 11111. 84
111111111 (111111.) 439 1111111111. 90
61111111111111. 461 Ι 1111111111 11111. 81

01111111111 468 111111111111..

0111111111111 Sem. 64 ,, 11111111111111161.116111 92
pellucidum (1..) 65 ,, 1111111111 ‚‚ ‚,
„ 111111111111111811. 65 robustum 111111 94
semum, 11111111. ,45

 

