’110

1111111111 1111111111 8111 521
„ 1111111111 811. 531
11 0108881881 11 11
11 mmmm 11 11
1111111111 811. 328 ·
1111111111(1.) 320
1111111111111811. 505
1111111111 111111 464
8111111111 (111111.) 464
111111111111 404
111111111111 111111 142
1111111111(81111111.) 144
’ ,, (1111111181. 11811. 145
11111111111(81111.) 146
11111111111161111.) 143
,, 1111111111 811. 144
1111111111(811111.) 140
1111111111] (811111.) 145
1111101111.) 142
‚, glaciale 81111811. 142
1111111(81111.) ,142 ·
,, 111311118111811. 143
1111111111 811111. 511
1111111 (81111111.) 511
,, 11111111811 511
.11111111111111. 480
11111111(81111111.) 481
111111111811. 488
,, 111131118111811. 486
1888810818 482
11111111 482
1811608111101118 100
11111111111 100
1111111111 1111. 101
glaucum (1.) 101
111110118111111. 414
1111111111(1.) 415
,, 1111111181. 11811. 418
111111111111 414
111111δί111 811. 833
1111111 1111111. 408
11011111118111811. 408
⁶ 111111111 111111. 401
1110111011.) 400
uliginosa 8111. 401
,, 11111181. 11811. 401
„ minor 8111111. 401

111111.

1111115111118111. 10
81111111111101111) 11
,, 1111111111 nm 11

· 81111111111811 40

111101111111111111111111ω. 325
1111111111111. 325
„ elongata 81111811. 311
1 gneius „ „
,‚ 111111111οά11 ,1 . „ .
11111111. 385
1111111111 111
,, 1111111 811 11811. 88
n 1118181181 n 1 v·
8111111 811. 118111. 333
1111111111111181111 301
111111111118111. 386
11111111. 301
1111111111111311 111111. 333
1111111111111181. 118111 400
1111111111111111111. 303
111111118111811. 388
1111111111111181. 11811. 334
1111111111 1. 333
,, 1111111181. 11811. 338
1111111111 (8111111) 300
111111111181111.) 301
111111111 (11111) 334
1111111111 81. 11 Sa. 305
1111111111. 305
11111101111181. 11 Sa. 333
1131111111 Htw. 380
111111181111. 482
1111111111 (1811.) 383
1111111111 8111. 484
111111111(11111.) 485
011111118111. 481
11111111 (11111.) 484
1111111111 8111. 805
nebridarum 811. 338
11111811111111 sm 836

, 11111111 81111. 408

1111111111(1.) 410

,, 111111111181.11 Sa 470
„ 11111111 „

11111111.) 460
111111111111111.1111111. 411

101111118111 Sa. 461

 

