2211 Index synonymorum.

2111111111 1111111111 211. 62 1111111111 11111111 111111. 221
111111111111111111. 101 1111111111. 118α. 212
11111111112111. 101 „ 111111. 211

211111111111111111110111.. 160 „ G. 11111. 210

„ L. 159 „ 81111111. 207
1111111 11111. 159 laevigat 11111111
11111111. 167 11111ο111181. 128
squamosa 1111. 111111. 157 11111111121. 1111 129 1

211111111111111118111111. 321 ,,.11111 199

81111111118111. 322 11111111110. 11011.. 231 1
8111111. 321 1111181. 312
111111111111 8111111. 111. 11811 1111111112 1111111. 217

321 11111111 8111111. 216
111111111211. 321 ‚, 11111111 Bm. 2111

11111113111811. 323 111111111111111 Ham 222
211111111181. 319 1111113111811. 227
111111 compacta 111111 251 ‚N. 1111111. 217
(111111131111111118.11111.1. 281 1111118111. 223
11111111111111. 282 1111111111 8111111. 203
1111111111. 283 1111111811. 231
6111111111111111122111. 123 1111111122 1111. 111
8111111111111211111111111. 121 1111111118111. 115
1111111111 [11111111 11111. 216 rigida 8111. 202
1111111111 anicularis C. 111111. 229 1111111111 11111. 201
111111121111111. 217 11111111.1111111.1111
.,, 1111111111 N. 1111111. 217 1111218111 130
1,.11111111111111101521111111. 217 151111ω1111ψ12.11”11111.“217
1111111 11. 11111 1
11111111 811. 201 1111181118111. 111111.. 211
1101111111111111 C. 11. 199 1111111122. 111 53
,, 81111111111311. 200 strigon 1111. 200
1111111211. 227 1111111111 8111111. 218
111111111111. 207 71111111 3111200
1111111181. 111 1111112 1111111. 211
campestris 121111. 218 111111113111.2170
canescens C. 11. 136 1111111111 8111111. 115
1111111111111. 201 11111111211. 210
111111121111111. 212 urceolaris N. 1111111. 199
11111111 W. 1111. 57 1111101112111. 131
cononum 81. 122 2111111111111 1111111. 207
controversa W. 1111. 51 1111111111 1111111110 Ι 197.
1111111111 11111. 212 11111 111110 11. 221
111111112111. 56 commutat· 1111. 219
111111111112. 1111111. 217 11111111) 11. 201
011111117111. 216 1111111111111101. 128
1111111110. 11. 228 1111111211. 220
1111111111118. 11 233 111111111111111. 205
2111111181. 251 111 crinem! 195
1111111111. 11811. 208 (11112111111111111111111 81111111
1111012111 NL 211111111 1111311111 111121 1113111. ¹²¹
11111111118111111. 689 acuminatum 8111. 311
1111111111. 1111111. 199 11111111111111. 11 M. 13
1111111111111111 Bm. 111211. 215 mavum „ η 11
1111111111. 201 1111111 ‚‚ 121
1111111111181. 111 111111111121111
11111111111111111111. 132 1111111113111 197
111111111011. 199 11111111111112. 11 m 11

 

