111111 8111111111.

111111181111111111131.11 8111. 173 Ι31111111 11111111 11111. 31

8111111111 (1.111. 465, ·
11111511161181. 176
³ 1111111611. 511
1111111111111111. 173
111111111111111111111. 215
0111111111 lulianum 311111 111
0111111111111111 ,, 170
1 0111 111111111111111, 72

’ 1111111 311. 79

11111111 ,, 72
ζ 11111113111811. 102
1111111111». 62
111111· ” ‘M
1111111111 ,Ἴ 62
² virens ,, 63
011111111111111111111 311. 226
0111111111 116111 81111. 266
ἱ111111111111 P. ²135.7255
111 n 111.
: coarctatum 1².ss 251
,,’ 31111811. 257
111111111131. 261
= crispulum 31111811. 256
crispum 1111111. 258
11. 17111. 251
1111111111 1111 256
3111111111 6111. 253
111111 31111 261
11111111113111. 259
1111111111 11111. 261
1111111111111 81. 255
111111111113111. 259
1111111 11111. 256

,, 611111. 32
1111111111 31111. 17
31111111111111311. 7
1111111311. 17
311111111111 W. 11111. 11
31111111111111. 58
1111111111111311. 19
3111111111111 11115
111111111111. 11111111. 5. 9
11111111311 1111117
3311111111 811111. 9
1111111111181. 32
,111111111111111 31
1111111111 81111113
,, 1111. 11711111. 11
„minimum 1111. 13
11111611 11111. 23
1115111111 8111117
111111113111811. 26
111111 11111. 9
1111111111 Sem. 17
,, 11111131. 11811. 17
,, 1111111111 N. 11111111. 17
,, rarescens M. 1111111. 17
111111111111111111, 7
11111111113111. 33
81111111111131111. 17
11111111 81111. 3
:MMMM 1
1131111111.. 21
11111111 311111 3
triquetrum M. 811. 11

3511111111113111111111 norvagica 6.
111111111113111. 251 M. 136
11111111 31118111. 255 · norvegicum 8111. 136
nudum 31111. 261 3111111111 3111111611 3111. 316
1111111111 31. 11811. 259 1111111111 31. 11 811. 318
1111111 811111.- Bu. 11811. 261 1111111111 ,, ,, 316
11111115111113111. 261 1111111111 ,, ,, 316
1111111111 31. 271 81111111111111 319
11111111 3111. 262 1111131111113111. 315
8111111111 1111111 265 1ο1111113111.31’5’
8111111111311111 271 1113111111311. 315
111111111111 31111. 561 3111111111 1111111111111116.11. 456
11111111φῆ111 1111178273 1111111111116.11. 157
1111111111 1111. 255 1111111151 ,’,'„ '’ 111
subrepens 81111. 253 3111111511111111111111611 8111. 585

ΡΙ11111111111111.. 13 311131111111111113111. 151

, 111111111113111 - 31111811. 25 3111111111111111111111 3111811.
1111111111ιί8 11 *- 1111111119 1. 111
badium 3111 11 r 11111111 311. 133
31111111 8111. 26 31111111 ,, 111
113111111311. 5 3111111 1111111111 M 1111. 3311
111111111116111. 7 116111 11. 1111. 332

 

