’111111 synonymorum.

1111111 111111111111110.111111.. 10. 12 1111111111 111111111111111811181ι1
111111111811111. 13 1111111111 En. 23
111111111111011. 16 11111111111161.11811. 33

1111111111ρυ1 1111111111 Sem. 605 1111111111 1111- 21
11111111181111 601 111111111111111111611111. 113
1111111111 „ 631 - Barbula aestiva Senum 186

· Amphidium 11111ουί1111 8111. 217 1111111111116111. 178
11111111111111111 251 11111111 81. 11811 155

1111111111 ⁸ 1111111111111111. 168
11111111111111111111111111. 131 8116111111111111. 185
1111111111 „ „ 160 11111111111 8111111111. 170

1101111111111111111111. 663 1111111111111111. 170

” 111111 1116111111ἰ ² 660 811818111111101111 ει 1118Εῑ Ν
11 ’ “
1111111111111111111 ⁶⁶³ 111811111111Π

' 1111111111 β.. 11111 Ζ1π11111. 665 1111111111 W. 11 Ι. 186
111111111111 111011.. 668 1111111111. 119
111111111111111Ζ11111. 669 011111111118111111 182
1111111111111111111111111111. 662 fastigiata 81111111 168
11111111 11111. 11 11. 667 111111118111111 171 1
,, 1111111 C. 11111. 660 humilis 111111. 178 1
1111111111111111. 660 1111111111 β. 1111111111 181
„ 11111111. 661 t 11111611 Bm 168

111111111111111111111111111. 238 1111111111111. 176
1111111111 W. 111. 210 1111111111118111111 1611
1111111111 11111. 238 111111111111111. 177

11111611111111111111811. 506 1111111111111. 181

11111111111111111111111111111. 187 11111111118111111 166 1
111111111111 811111. 118 ‚‚ 8111111111. 158 ’
111111οηί1111 111111. 217 11111111 111111. 176
1111111011 D} 1111. 211 ,, 111111111111111 nm 113

,1111111611 11111. 1111111111. 161
1111111161111 111111. 117111. 177 1111111 1111111 1111. 111
1111111 Da 1111. 513 1111111111 11111. 161
11111111 11111. 511 6111111111111111101111. 111

1111111111 Wormskjoldii 11. 81. 307 111111111111111. 125

11111011111111111116118111. 28 11111111 nn. 11 Sa 111

11111111111111111.11111. 77 1111111811. 118
111111111181.11811. 78 ,, minor 111111. 111

11111111111111111111111111111. 25 1111111 Bm. 116
1111111161111. 31 1111161611. 42⁰
1111111111111 8111. 36 grandinum 811111. 1111

 

