’100 Index.

1110110011 3101011111. 01301. 85 8001111111 vulgarit
301111011311001. 97 ,, 0111011 Bu. 01311. 735
1001011010 Ι.. 89 „ 11111011 ,,

,, 0011110081. 01301. 90 Euenum 781

,, 0111011111010 301. 90 801011101003011101. 313

,, paludosum ‚, „ 0011110101 (3011111.) 318

„ recurvatum „ „ 0110010100 (01710111) 313
300111111οῐ0 Tun. 83 ,, 1111101111 301. 317

spurium 111011. 93 „ longifofiun „ „
311111,11.0111.“ 19 ,, 10111111 ,, ,,

strictum 30111.. 81 111010011111(01011) 317 1
01301010031. 01301. 91 ’1011111101οηὶ (11001.) 319

[1111010100 111111. 179 8101111111 7
0110111001 (Buca.) 137 Ερ10111010111ῦ.1011.. 7
3011101101 (1110111.) 133 100101νί111 (Fu.) 8
11111101011131 131 100011110Ιί1 (01111.) 7
10110110101011) 130 , 3110010100 111111 7
,, 1111110101 Seu. 131 0110100100.) 1 ,

011111010011011 151 ,, 1010101111010 Bu. 01 Set 5 1
1011011110 (1.) 151 101111011011300. 5

0110101111 311 11111300301 5 ’

0110011010 300. 317 , 101111010(30111.) 3 .
0011001(0011.) 317 ,, 1010111101010 Bt? 01311. 3 1

1111101100 01111. 01 Am«. 796 11100101011131.01301. 6 1
11011011100101111.) 797 1100011111001(1011) 5
110101010011101.01111. 796 „ 11011101101031.01311. 1
111001001101(’11010.) 798 10001010 (31101.) 1

0011011111 135 8001111003101301 131

0111101100 81. 01301. 135 ⁰ 1011101011010 (1.) 131
011111100010 (L.) 135 3011010110111010801. 39 ’
,, 11011101οι11 300. 136 80111001ἰοοι 30111. 518 1
inclinatum (11011.) 133 androgynum (11101.) 553
,, 10000801. 137 0110111101] (3010.) 551

01011010030111. 818 01011100111010(Ἰ“.111..) 555

0111101100 8110. 777 (11101111011001 31101311 ⁵⁵⁵ ᾗ

1100111110 30110. 785 0101010ἰά01 (L.) 519 1
1101111011111110111100. 789 1111101001(30111) 557
11011001118001. 790 1110100100 (1.) 559
0111110 11111. 788 „ 111101111010 301. 530
,, 010101100081.01311. 788 „ 1110111001 ,, ..
commutata 11. 01 11101. 785 ,, 111101001φο0 ,, ..
100110011131101. 789 1100111010(11111.1.) 531
1100010 3101. 791 1010101101 Seu. 553
1111110011ρο 3111101. 787 3101016011.) 537
11101100111111011. 797 1111110100 (11. 311001) 557
10110111 11011. 783 11111001 (30111.) 553
,, 01011111 nn. 01301. 730 „ ,0031101111 311. 551

 

