11161.

’100

1111111111 16116111 1111111111 661 607 11111111 111111111111 61. 616611. 621

„ polycarpum 661. 606

„ 16116611. 606
11161116 611. 636
arcticum 6111111. 638
1111111111 111111. 649
6116611611 661. 698
1111111191. 61611. 611
611111116111961. 623
„ 11611-111611661. 624
661111111111116111. 602
„ 161611111 Scir. 602
commulatum 11111. 613
‚‚ 111611116611661. 613
,‚ 61111111661. 613
condensatum 661. 698
11161111111111111. 641
crista-currenni· 6. 632
61116111161116 l.. 625
,, brevitatum 661. 626
„ 6161111 ,, 627
‚‚ 6111616111 ,, 626
„ 611111116 „ „
„ longimrlrurn „ 627
„ 1111111111 „ 626
„ resupinatum „ 627
,, locrorum „ 626
,, 116111111111 „ „
6111161111] 6. 644
,, 1111611611. 644
116661 6111111 601
6111611661. 639
6111111111116611. 608
111111111111611. 620
1611116 61111. 622
1111611111 6. 614
,, gracilescens 661. 614
„ 1116611161 61. 614
6111616116. 609
,, 11111111 Seu. 610
,, 111161111 ,, 609
11 pummcm rr rr
„ rlrnoplryllum „ 610
,, submersum ‚, 609
(1111116111 661. 642
1111611111111 Grrv. 629
1111161161. 599

111116116111. 624
incurvatum 61111. 616
11161611(66.11611.) 605
116611611111116111111. 607
1116611111 661. 694
1611661111. 637

. molluscum 11111. 631

,, 161661111161 661. 632
11 melum rr 11
nemorosum 1111, 630
norvegicum (61. 61661.) 637
1111111111 11111. 639

1111116611 Sem. 618

ι 11111116 6. 634

,‚ 6111111111 Sa. 635

„ 116116166611161611. 636
1611111111 (61. 61661.) 604 ’
,, 1111116111. 604
11116111 11111 629
1111116. 646

reptile 111. 619

„ rubjulrcerrrn 661. 619
161111611611. 610
1116161611. 617

rugorum 616. 615
sarmentorum Wrm. 643
611161161. 61666, 622
6611166611 11111. 645
161111111616. 650
6611111611ὶὶ 11111. 600
1161111111 66111. 603

,, 1111611111 661. 603
11111111611161616 646
1111616116 (61. 61611.) 634
116111611111666. 698
1111111111 661. 699
1111111111 W. 11 ll. 642
1116111611661. 647
111161111111111. 611

,, 166161111111 611. 612
„ grucilrrernr „

„ plumarum „ „
„ plumulorrrrn ‚‚ „
„ rubjulrreunr „ „

llrucherl 6111. 697

1111166111 61111. 521

 

