‘¹22 161161 synonymarum.

· -111666166111161661 961116. 596

„ 1116111 691
complanatum L. 410
compressum 9666111. 645
6666166661 1161. 515
6661611616 111616. 568

,, depressum 111116. 568
61.1ἱ“11“1111111““116““
666161161661111116. 590

,, Ι116611. 61111166. 588
11111111161111111.191116. 642
,, 616661161166 Sene. 642
616611661116161111.. 555
6116616 86111.. 623

crispum L. 469

66616661161166 complanatum 111611

628

,, 6116661166116661 1166611 622

6611116116616.11011. 628
6611116611631116. 629
6111666666 Α. 611. 629
661166161661 G. 11. 498
„ L. 499

4661166616 11116. 564
dendroides L. 511
(16611661116111. 583
11611111111111111166118

411616116111161 1161116611. 551

1111111661 01611. 614
61111161116666. 11. 535
1111661616 11616. 613
1611611 „ 594
diescens G. 111. 552
1111116616 16111111 6616. 594
1111161166 6. 11. 555
1111111116 1119 661
1666111116 016116. 563
1116111611 11111. 666
1611611161. 594595
3111611116111131111 533
111111.. 6.

661616616166 11. 6111661 495

1111161166111161661. 554
1666611661.. 646
1111111161111118616
intermedium 1126111. 356
intricatum 01616. 567

,, 111611. 531

1111116661 11661. 61 11161. 594

16666161 66661. 561

81666616166661111161. 464

166661666616 11111. 588

, 1661616 61116. 531

1611616661 1166. 501
1111616616 1161. 561
166611611661 Ο. 11. 489
1666116611611111. 554
1666661. 481
1611161611611. 635

1616111661 C. 11, 531
1616613666 111611. 528

, 6661111666. 621

1666116116666168611111. 552
1661111161 1116116. 486
616616166111ἷ16686011ι6111ἐιέ.4 569
1661116666 111.
1616616166111611. 491
166116 61116. 636
6661111616611111.. 485
116616656611111111. 581
66166616611111.. 621
musicum L. 645
myosuroides L. 549

,, 11611. 521

16161616 111116. 521
neglectum 1111162 1111. 635
nervosum C. 11. 481
6166186166. 530
6111661661 111111.. 519. 580
6661661616 111111. 664
661666111 6111. 355
06116111 9661.. 655
6111666166161161111. 511
611111111166515611. 661
palustre 1161161116 1161. 595
116116ῑὶ66611. 645
66111666116661 166111. 619
pennatum 1116116. 469

,, 11611.. 461
666616611616 611. 618611. 626
6611661116611111. 545
11111666661161611. 521
6111161661 8611611. 551
plicatum 66111. 528
616616661611616. 532

,, 11611. 533

„ Sw. 546

,, ,616616666666616 5311

. [1611661666 P. B. 621

‚, 66111116. 519
polycarpus 11111116. 606

‚, C. 11011. 486

,, 11111111 6111166. 605
6611661616111111666 601
‚, 61161866. 602

„ 1116. 601

praecox 11611. 550

 

