111111. ,2112

2111111111 strigosum (111111.) 550 111111111111111111

‚, 111111111911. 550
71115111 61111111. 556
,, 11111111 611. 556
11111111111111111. 565
6111111111111. 11911. 137
1111111111311.) 138
011111511811. 154
1111111111 911. 54
1161111311 502
11111111111116111. 502
pusillulum 502
FABRONIAGEAE 501
1111111111 502
61111111111111. 103
11111111ἱά11 (L.) 108
5111111011. 103
111111 11111. 103
111111111111. 110
incurvus (W. 1111.) 104
„ 1111111111 6111. 104
,, 1111111161. 11911. 105
,, pusillus 9111. 104
11111611111111111. 106
„ 111111111111111811.
polyphylluu Wm. 109
111111111111. 11811. 105
1111111111. 11911. 106
1111111101. 107
1111111111 (L.) 108
1188ΙΠΕΝΤΑΟΕΑΕ 102
1111111111 102
FONTINALACEAE 455
Faunum 455
11111111110111. 455
111111111111 L. 456
1111111111131. 11911. 457
1111111111 111111. 158
1111111111.. 456
,, 1111111611, 11811. 457
11111119111111. 820
11111111 171111. 320
,, 1111116161. 11 Sca. 320
1 11111112 n 11 1
11111111811111 322
hibernicanam. 321
1111111111 (L.) 323

,, 111111111161. 11811. 323
., putul· „ .
111111110111911. 324
FUNARIACEAE 311
01111111111111911. 202
011111111113111. 245
01111111 (Su.) 246
(1111111611. 198
111111111 9111.. 221
111111111111611. 202
1111111111 11111. 207
1111111116..) 200
„ 1111111131. 11811. 201
‚‚ gracilis „
‚, 111111111 „ „ „
1111111111111111. 224
1111111111 1111. 219
1111111111. 199
‚, 15111111111 Seu. 200
,, 111111111811. 199
11111111(1711.) 209 ·
1111111 11111. 204
‚‚ elongata 811. 205
11111111 11111. 207
0111111191. 216
„ elongata 011. 216
,, 1111111811. 216
1111111 nn. 11 sm. 215
elongat· 1111. 223
,, 111111 11111. 223 ’
11111111 (911111.) 211
„ 1111 Ba. 11911. 212
1111111811. 695
1111111118111. 214
1111119111111. 209
11111111116111. 218
11111111 7111. 201
11111111111611. 222
„ 1111111811. 222
1111111611. 290
111511111111119111. 212
, 1111111111 11111611. 205
11111 111111. 217
„ 1161111 1111111. 217
„ 1111101111,, ,‚ ,
„ obliqua „ „ „

⁴5⁶

 

