,Ἦ 1111111.

3111111 1111111111

,, 11111111111131.113111. 371 ,
,3111111Ιὶ1 ,, ,, 373

311111 1111111111
· gracilescens& 11 Su 310
,111111Ιί111 ,, ,

„flaccidum 3111. 371
,, 11101111113111. 371
,1111111111 311. 371
11111111111111111111111111111. 356
111111311111( (3111111.) 377
3111111111 01111 373 ,
3111111 11111 379,
11111111111111131111111. 363
,, 1111111111 8111363 ,,
,11111111111111 311 363
,,11111111111, ,,
111111 111111 691
3111111 31111111. 368
113113111131111111.) 355
11111111111(.311) 350
111111131111(11’. 1111.) 355
11111111 3111111. 352

, 1111111111 311. 1113111. 353 ¹

11131111113111. 363
111111111111111. 351
1111111181111311. 111311. 359
1131111111111131111 3111. 366
1311111111 111111. 373
11111111 31111 318
1111111311. 376 ·

1111111111113111. 317
versicolor Αι. 311111 365
1111111111 31111. 351
3111111113111.. 151
1111111311.153
1111111111 311111. 154

’ 3313130113οΜ 150

Cumptothecium 311111. 533
11111111 (11111111) 539

, 1111111111 (11111) 5533

1111161111
0111111111 Suu. 599

, 01111111111111111 Seu. 22⁶

Campylopu· 3111. 96
1111111111 11111111. 93
5111111111 31. 11 311. 1110
1111111 31113111 99
61111111 (L.) 97
11111111 (1111111.) 97
111111ρί111 31111. 99
1111111113111311. 93

011111111101113111311. 6111
11111111(11.1111.) 683

01111111111131111. 405
11ς111111111111111.) 105

...·.,111111111111111 Ba 113111. 377 101111101131111. 138

,1111111111 3111. 377 .
,1111111113111311377
11111111113111111111. 360
, boreale 311. 11311. 360
,,, 11111111111311. 11311. 360
1116111111111. 319,
, 1111111111 31. 113111. 319
1111311111111111 (1111111.) 375
, 111111111131.11311, 373
11 mmmmm 11 11 11
,, 6111111111 3111. 376
,- „ 1111011111 311.- 376
111111111111 311. 11 311. , 315
11111111 3111111. 381
3111111311. 111311. 363
· 1111111131113111. 361 ,,
,0111111111 Bt 11 3111. , 353
1111111111 (How.) 389

11111111 Seu. 110
purpureus (1.) 139
0111111111111 138
0111113111 311. 100
arcticum 311. 113111. 103
stygium 811. 101)
011111111111 193
0111111111111113111.Δ 31111. 131
1111111111 111) 196
11111111111111131111.) 195
riparius (11111.) 191
,, 1111111111 3111311 115
0116111111 311. 315
0111111111 111111. 516
31111116113..) 517
011111111111111111 110
1111111111 (3111) 111
cononum 311. 131

 

