721 · lndox Synonynomnn.

1101500101 1111111011οο 5111. 549 11100111 60111110 llam 385

5511100001001811001 526
1100500 odium 5110 538

, 1111015111. 407

atriola 407

1000010011ἰο 1101105. 661. 663 11110110550111110101011111.,01111011111

10 00111115. 667
51110 ρ81011511 5111. 465
5001010 0111110 51111. 288
lanceolata 11111. 128
500106101000 50111011011 1111. 133
50010501011010 65101110 11111. 509
0100110 1101. 510
100011 1111 513
10100110111110111 1101. 512
5011001110111001111. 492
011000011 11111. 490
510050010601801110. 492
0511100111. 524
001101010105110. 470
0011010 11011 521
dendroides 111111. 517
1101111111 How. 492
111110010111. 522
1010000 W. 01 ll. 485
1110511001017111. 576
01001010160111011 349
norvagica 80111. 487
01106011 1111111. 486
01111010 811. 577
0010011110 11111. 519
0010110110 ,, 579
0111115511 111111. 483
10111011 11111. 489
1111000001 8011110. 523
,, 0510100 5111. 524
80110011 „ 582
101100111111. 526
8010001500οο 588
10501011118011010. 483
01511111 How. 589
10101Ιο30111. 588
160500000160111111. 432
1011111011 593

” 5011111 maronica 1111110. 423

500005110010100101111 102
51000600 5000110 11111. 696
,50100111 51111. 697

111111111111111611. 010
1101100111 Scato. 638
Ωιι115111855180111137639
16110116001. 637
0051100111 8011. 640
00100110 Scan. 635

1100111 01010051. 407
11001110110510. 407
6001511111111. 404

1111011 11510001 Wan. 343

androgynum L 412
010011011 111011. 428
0110015οω011 5 [¹¹:35 m

0 1001101010
01551161011010110111 5111311101 1
crudum 11111. 327

010 0161101111. 111011. 388
1313115150 ³²⁸
1001110115. 426
510101116001 5 323
11101006101150111. 3511
1111011001388

10001110 51111. 352 1
11111111οι1 sm. 380
maronicum llo. 425
0011006000011111010. 294
0.01001101. 413
001100161015. 282
polycephalon 51111. 413
01016016001001 111. 375
0010101111005010500010 1111. 313

. 0010010011 l. 139

0111101101.. 323
1010011 111. 382
10010011 5101. 388
1011010116. 801110. 393
110010115101501. 402
111 00110115. 109

10 1101011 51. 380
lurgidum Wno. 413

50011010 5011011 511110. 471

000113οὃοἓ61έὸ8460
0111 . .
01060115110111110 513
00160016011111. 476
60161016015111. 517
0111105100011111150111 467
1110511611ω101169
6111111011 orl. 509
gracilium. 510
101010111110 11101. 463
1115015110. Ι. 260
1110110611 7111. 468
0150001010. 11. 516
0011110 1011011014 ⁴⁸8
perpusillum. 506
01111011 ll 811. 577
0101111010 0. Ι 483
0111111 111111. loe
101016110111 111. 474
1010101600 (1.1. 241. 471

 

