1111111 synonymorum· 222

8111111111111111111111 81111. 303 7111111113111111. 117111. 165

1111111111.. 303
111111111181. 301
1111111111111 11111. 301
1111111111111. 301
1111111111 111111. 300
1111111111111 111111. 297
1111111811111. 307
helveticum 8111. 300
1111111811111. 319
1111111111 01111. 298 ’
111111111111 811111. 310
1111111111. 301
ovatum 11111. 307
paradoxum 11. 111. 301
propinquum 11. 1111. 301
rugosum 81. 308
serratum 11111. 300
11111 111111. 300
’111111111111101111 309
1111111111 11111. 301

8111111111 111111111111111. 192
11111111111181111111 188
ruralis 11111. 192

8111111111 1111111111111 11111. 297

811111111111111111111111. 136
1111111111 11111. 137

11111111111111111111111. 307
1111111111ἱ 11111. 31117
1 sua 1111.

1111111111 8111111111111111. 161
1111111111111111. 281
1111111111. 283

11111111 1111111111 11111111 130
1111111111 111. 130
salisburgensis Hom 130

’1111111 111111111τί1 111111. 161 ,

1111111111 811111. 177
cassinensis Non. 167
11111118111. 179
enervis 11111. 163
1111111111 Non. 183
111111111111111. 172
1111111111. ’151171
,, Ι111111, 168

inermis 1111. 187
insularis 1111. 171
1111111111 811111. 189
1111111111 111111 190
11111111111111111111. 166
[11111111111111. 168
111111111111811111. 188
11111111111811. 168
1111111113 1111111. 185
111111ρέ1111 19131

,, 1111111111. 192

2111133113 1110
11111111111111 11. 8111111 695

’111111111111111 1111111111 som 299

1161118111. 232
111111111111 165
anomalum 8111. 155
1111111161181111. 155
11111161111111111111 151
canescens 11111. 236
111111111111111111 152
111111111111 11111. 111
1111111111111111132208
1111111111111111. 111111. 228
1111111111 8111111. 236
[1111111111 811111. 233 ·
11111111 Non. 195
0111111111111111. 156
611111111111.118111 115
naxitanum 81. 135
0111111181118111. 155
11111111111111111111. 196
fragile C. 11. 181

111111 8111111. 211
glaucum 1111111. 117
111111111111181.11811. 111
11111111111111 11111111. 132
11111111111111. 215
111111111111 1111111. 235
1111111111811111. 157
11111118111111 162
1111111181. 150
11111111,, 119
11111111111111. 96
11111111111181. 231
pallidum Hnw. 116
paradoxum 11111. 58
1111181111. 227
1111111111118111111. 211
1111111111 1111111 206
1111111111111. 139
pusillum Hnw. 113 ·
111111111111111111119 4111
1111111181. 230
11111111. 112
111111111111111. 111
1111181111. 113
1111611111111111 151

0111111111 0111111111ὸί1 8111. 253

1111111 1111111111 11111. 27
1111111 affinis 11111111 858

1111111111111. 331
1111111111. 1111. 335
111111111111.1111. 335

 

