111111· 8111111111.

811111 gracile 11111. 328

6111111111 1111111111 81111. 425
ρο1111111111611. 418

. 11112111124
1111111111 11111111111 011611.. 118
1114111111 c. ll. 57

11111111 C. 11. 56
81116111111111 111111.
glyphominioides 0. 11. 245
polyphyllum C. 111111 244

flncnythecium plicatum 81111811. 528

211111111111111 11111111 116111 262
3111111111111111011. 26
111111111111111111. 229
111111111111111.11811 330
albicans 8111. 343
1111111111 81111. 349
androgynum ll. 412
annotinum ll. 339
1111111111 L. 200

1111111 1112137311
111111161111111.118111. 375
11111111 8111111111. 360
51111111111111111111. 150
811111111111111111. 283
111111111111 8111. 361
calcaneum 01111. 114
1111111111. 342
1111111131111. 237
1111111111311 011611. 397
1111161111 1111111 250

contextum 11111111111111. 360 ¹

1111111111. 374
crudum 81111111. 337
111111111111111. 316
cuculi-numnam. 336
11111111111101111. 182
3111111111 1111111. 404
6111111111111111111. 342
tenuissimum 1111111111. 385
elegans 11111 332
elongatum 1111111. 332

,, alpinum 1111. 11 611. 333
1111111111 01111. 236
erylhnnonnpnm 11111. 364
111111111111111. 286
[1111111111 111111. 318
11111111Ιὶ1111. 372,
1111111111 01111. 383
1111111111 011111. 66
111111111101111. 133
1111111111 1,. 97
lanterium 251
fragile [111111. 97
glaciale 81111111. 343
1111111111. 101

melle sm. 340

01111111111111111111. 296
heteromnllum'l. 76
1111151111110111. 78
1111111611 β. l. 236
ju’lncnynnlnhsclnzlln.⁸ 370
11111Ξ111τ1111.31813111. 111
1111111811. 370
1111111111111111111. 128
11111111 111111. 420
1111111111 1111. 118111. 353
1131111111 81111111. 389
11111111 1111111. 66
11111311 [111111. 168,
longicollnm Sw. 333
1111111111 8111111. 351
1113111111 81111111. 340
1111111111 8111111 342
,, 1111111. 392
11111101111111. 399
1111111111 81111111 374
11111111. 185
11111111111111. 316
1161101111. 312
111111811111. 334
11111111 1111111. 316
0111111 61111. 420
11111311181111111. 146
pacominum. 227 ·
111111111111 1111111. 39
pellucidum l. 65
1111111111111118111. 374
111111111131111111

2101116111 81111. 388
„ 111011 ,, 337
,, 1111116111 ,, 387
,, horna ',. 391
,, 111111111 ,, 380
,, ligulam „ 389
,‚ ortlonhyncha ‚, 435
,, 11111111. ,, 398
,, 11111 ,, 382
,, 11111111 ,, 390

, ,, 1111111 ,, 392

pglyffllneyllllunnl 1111111. n 244396
1111111111 l. 418
111131111111111111 1111. 358
111111011111111. 341
111111111111. 206
1111111111 L. 315
11113131131911. 111
1111111111111101111 131

reticulatum ,‚ 298

 

